# distance x y z SDV3 SDV4 distance_to_nearest_IP instance element_label integration_point
0.00000000e+00 -1.12500000e+01 -1.50000000e+01 9.79807587e+01 5.42677402e+00 -1.04377460e+01 1.32986788e+00 G1-1 31980 1
5.88842935e-01 -1.12500000e+01 -1.47055785e+01 9.74708057e+01 7.14188528e+00 -2.20071459e+00 1.24505609e+00 G1-1 18352 1
1.17768587e+00 -1.12500000e+01 -1.44111570e+01 9.69608528e+01 8.63024044e+00 -2.81576228e+00 1.03514593e+00 G1-1 18808 1
1.76652881e+00 -1.12500000e+01 -1.41167355e+01 9.64508999e+01 8.63024044e+00 -2.81576228e+00 7.45267640e-01 G1-1 18808 1
2.35537174e+00 -1.12500000e+01 -1.38223141e+01 9.59409469e+01 8.63024044e+00 -2.81576228e+00 8.56033069e-01 G1-1 18808 1
2.94421468e+00 -1.12500000e+01 -1.35278926e+01 9.54309940e+01 8.74961185e+00 -2.56819773e+00 1.25328815e+00 G1-1 40628 1
3.53305761e+00 -1.12500000e+01 -1.32334711e+01 9.49210411e+01 8.74961185e+00 -2.56819773e+00 1.27216467e+00 G1-1 40628 1
4.12190055e+00 -1.12500000e+01 -1.29390496e+01 9.44110882e+01 8.48791790e+00 -2.53658986e+00 8.96965107e-01 G1-1 46742 1
4.71074348e+00 -1.12500000e+01 -1.26446281e+01 9.39011352e+01 8.48791790e+00 -2.53658986e+00 6.46440195e-01 G1-1 46742 1
5.29958642e+00 -1.12500000e+01 -1.23502066e+01 9.33911823e+01 8.67550468e+00 -2.63315606e+00 8.17426969e-01 G1-1 18813 1
5.88842935e+00 -1.12500000e+01 -1.20557852e+01 9.28812294e+01 8.67550468e+00 -2.63315606e+00 1.10582005e+00 G1-1 18813 1
6.47727229e+00 -1.12500000e+01 -1.17613637e+01 9.23712764e+01 9.12700939e+00 -2.21011138e+00 1.43784117e+00 G1-1 41805 1
7.06611522e+00 -1.12500000e+01 -1.14669422e+01 9.18613235e+01 8.80099106e+00 -2.43504763e+00 1.43759444e+00 G1-1 41807 1
7.65495816e+00 -1.12500000e+01 -1.11725207e+01 9.13513706e+01 8.80099106e+00 -2.43504763e+00 1.13951206e+00 G1-1 41807 1
8.24380109e+00 -1.12500000e+01 -1.08780992e+01 9.08414176e+01 4.82920742e+00 -8.53584349e-01 1.00189588e+00 G1-1 15055 1
8.83264403e+00 -1.12500000e+01 -1.05836777e+01 9.03314647e+01 4.82920742e+00 -8.53584349e-01 1.12568148e+00 G1-1 15055 1
9.42148696e+00 -1.12500000e+01 -1.02892562e+01 8.98215118e+01 4.82920742e+00 -8.53584349e-01 1.49130622e+00 G1-1 15055 1
1.00103299e+01 -1.12500000e+01 -9.99483476e+00 8.93115588e+01 9.01767921e+00 -2.04112506e+00 1.23470957e+00 G1-1 57660 1
1.05991728e+01 -1.12500000e+01 -9.70041327e+00 8.88016059e+01 9.01767921e+00 -2.04112506e+00 1.02055123e+00 G1-1 57660 1
1.11880158e+01 -1.12500000e+01 -9.40599179e+00 8.82916530e+01 9.01767921e+00 -2.04112506e+00 1.11893428e+00 G1-1 57660 1
1.17768587e+01 -1.12500000e+01 -9.11157030e+00 8.77817001e+01 8.60927582e+00 -2.00923014e+00 1.18899107e+00 G1-1 46422 1
1.23657016e+01 -1.12500000e+01 -8.81714882e+00 8.72717471e+01 8.60927582e+00 -2.00923014e+00 1.47475188e+00 G1-1 46422 1
1.29545446e+01 -1.12500000e+01 -8.52272733e+00 8.67617942e+01 5.04424238e+00 -1.19378459e+00 1.70246315e+00 G1-1 18396 1
1.35433875e+01 -1.12500000e+01 -8.22830585e+00 8.62518413e+01 6.65383339e+00 -1.78947747e+00 1.30164807e+00 G1-1 31858 1
1.41322304e+01 -1.12500000e+01 -7.93388436e+00 8.57418883e+01 6.65383339e+00 -1.78947747e+00 1.06953136e+00 G1-1 31858 1
1.47210734e+01 -1.12500000e+01 -7.63946288e+00 8.52319354e+01 8.65189934e+00 -2.73026085e+00 1.12540101e+00 G1-1 18410 1
1.53099163e+01 -1.12500000e+01 -7.34504139e+00 8.47219825e+01 8.65189934e+00 -2.73026085e+00 1.37183848e+00 G1-1 18410 1
1.58987592e+01 -1.12500000e+01 -7.05061991e+00 8.42120295e+01 5.95786810e+00 -1.40865934e+00 1.29082910e+00 G1-1 18450 1
1.64876022e+01 -1.12500000e+01 -6.75619842e+00 8.37020766e+01 8.99334908e+00 -2.05401444e+00 9.38589701e-01 G1-1 29360 1
1.70764451e+01 -1.12500000e+01 -6.46177694e+00 8.31921237e+01 8.26238918e+00 -2.28571010e+00 7.87849294e-01 G1-1 23505 1
1.76652881e+01 -1.12500000e+01 -6.16735545e+00 8.26821708e+01 8.26238918e+00 -2.28571010e+00 8.76425651e-01 G1-1 23505 1
1.82541310e+01 -1.12500000e+01 -5.87293397e+00 8.21722178e+01 8.26238918e+00 -2.28571010e+00 1.26846732e+00 G1-1 23505 1
1.88429739e+01 -1.12500000e+01 -5.57851248e+00 8.16622649e+01 4.82628822e+00 -7.98255920e-01 1.35921041e+00 G1-1 23398 1
1.94318169e+01 -1.12500000e+01 -5.28409100e+00 8.11523120e+01 8.98733521e+00 -2.05914474e+00 1.00812351e+00 G1-1 32992 1
2.00206598e+01 -1.12500000e+01 -4.98966951e+00 8.06423590e+01 8.98733521e+00 -2.05914474e+00 8.33352852e-01 G1-1 32992 1
2.06095027e+01 -1.12500000e+01 -4.69524803e+00 8.01324061e+01 8.71307468e+00 -2.60399365e+00 8.51272154e-01 G1-1 18437 1
2.11983457e+01 -1.12500000e+01 -4.40082654e+00 7.96224532e+01 8.71307468e+00 -2.60399365e+00 1.19715688e+00 G1-1 18437 1
2.17871886e+01 -1.12500000e+01 -4.10640506e+00 7.91125002e+01 9.02753639e+00 -1.98252535e+00 1.50380313e+00 G1-1 32989 1
2.23760315e+01 -1.12500000e+01 -3.81198357e+00 7.86025473e+01 9.02753639e+00 -1.98252535e+00 1.04084180e+00 G1-1 32989 1
2.29648745e+01 -1.12500000e+01 -3.51756209e+00 7.80925944e+01 9.02753639e+00 -1.98252535e+00 7.73790320e-01 G1-1 32989 1
2.35537174e+01 -1.12500000e+01 -3.22314060e+00 7.75826414e+01 9.02753639e+00 -1.98252535e+00 8.98678627e-01 G1-1 32989 1
2.41425603e+01 -1.12500000e+01 -2.92871912e+00 7.70726885e+01 9.02753639e+00 -1.98252535e+00 1.30765710e+00 G1-1 32989 1
2.47314033e+01 -1.12500000e+01 -2.63429763e+00 7.65627356e+01 8.90214920e+00 -2.27171183e+00 1.55135273e+00 G1-1 31091 1
2.53202462e+01 -1.12500000e+01 -2.33987615e+00 7.60527827e+01 9.02818108e+00 -1.97931218e+00 1.17713629e+00 G1-1 31969 1
2.59090891e+01 -1.12500000e+01 -2.04545466e+00 7.55428297e+01 9.02818108e+00 -1.97931218e+00 8.02703786e-01 G1-1 31969 1
2.64979321e+01 -1.12500000e+01 -1.75103318e+00 7.50328768e+01 9.02818108e+00 -1.97931218e+00 7.72326942e-01 G1-1 31969 1
2.70867750e+01 -1.12500000e+01 -1.45661169e+00 7.45229239e+01 9.02818108e+00 -1.97931218e+00 1.11450278e+00 G1-1 31969 1
2.76756179e+01 -1.12500000e+01 -1.16219021e+00 7.40129709e+01 6.62133646e+00 -1.78750467e+00 1.41694999e+00 G1-1 18514 1
2.82644609e+01 -1.12500000e+01 -8.67768721e-01 7.35030180e+01 8.97379971e+00 -2.13178754e+00 1.37754076e+00 G1-1 30243 1
2.88533038e+01 -1.12500000e+01 -5.73347236e-01 7.29930651e+01 8.84480953e+00 -2.36085653e+00 1.19237343e+00 G1-1 25212 1
2.94421468e+01 -1.12500000e+01 -2.78925751e-01 7.24831121e+01 5.87265873e+00 -1.31554270e+00 1.09301417e+00 G1-1 23368 1
3.00309897e+01 -1.12500000e+01 1.54957338e-02 7.19731592e+01 5.87265873e+00 -1.31554270e+00 9.35454875e-01 G1-1 23368 1
3.06198326e+01 -1.12500000e+01 3.09917219e-01 7.14632063e+01 5.87265873e+00 -1.31554270e+00 1.11756148e+00 G1-1 23368 1
3.12086756e+01 -1.12500000e+01 6.04338704e-01 7.09532534e+01 5.03068304e+00 -1.23551881e+00 1.38849705e+00 G1-1 18556 1
3.17975185e+01 -1.12500000e+01 8.98760189e-01 7.04433004e+01 8.40387630e+00 -2.51354694e+00 1.06595058e+00 G1-1 18516 1
3.23863614e+01 -1.12500000e+01 1.19318167e+00 6.99333475e+01 8.40387630e+00 -2.51354694e+00 9.38358379e-01 G1-1 18516 1
3.29752044e+01 -1.12500000e+01 1.48760316e+00 6.94233946e+01 8.40387630e+00 -2.51354694e+00 1.14815255e+00 G1-1 18516 1
3.35640473e+01 -1.12500000e+01 1.78202464e+00 6.89134416e+01 8.40387630e+00 -2.51354694e+00 1.56507639e+00 G1-1 18516 1
3.41528902e+01 -1.12500000e+01 2.07644613e+00 6.84034887e+01 9.11403561e+00 -1.86561275e+00 1.43147835e+00 G1-1 52852 1
3.47417332e+01 -1.12500000e+01 2.37086761e+00 6.78935358e+01 9.11403561e+00 -1.86561275e+00 1.19536742e+00 G1-1 52852 1
3.53305761e+01 -1.12500000e+01 2.66528910e+00 6.73835828e+01 7.19152737e+00 -2.10181427e+00 1.03669124e+00 G1-1 18550 1
3.59194190e+01 -1.12500000e+01 2.95971058e+00 6.68736299e+01 7.19152737e+00 -2.10181427e+00 1.06025990e+00 G1-1 18550 1
3.65082620e+01 -1.12500000e+01 3.25413207e+00 6.63636770e+01 7.19152737e+00 -2.10181427e+00 1.36639870e+00 G1-1 18550 1
3.70971049e+01 -1.12500000e+01 3.54855355e+00 6.58537240e+01 9.03759098e+00 -2.06584859e+00 1.51588159e+00 G1-1 56290 1
3.76859478e+01 -1.12500000e+01 3.84297504e+00 6.53437711e+01 9.03759098e+00 -2.06584859e+00 1.21668292e+00 G1-1 56290 1
3.82747908e+01 -1.12500000e+01 4.13739652e+00 6.48338182e+01 8.01742935e+00 -2.48339844e+00 1.09015587e+00 G1-1 18607 1
3.88636337e+01 -1.12500000e+01 4.43181801e+00 6.43238653e+01 8.01742935e+00 -2.48339844e+00 1.02745128e+00 G1-1 18607 1
3.94524766e+01 -1.12500000e+01 4.72623949e+00 6.38139123e+01 8.01742935e+00 -2.48339844e+00 1.27135536e+00 G1-1 18607 1
4.00413196e+01 -1.12500000e+01 5.02066098e+00 6.33039594e+01 8.01742935e+00 -2.48339844e+00 1.69425641e+00 G1-1 18607 1
4.06301625e+01 -1.12500000e+01 5.31508246e+00 6.27940065e+01 9.01381302e+00 -2.11227107e+00 1.29064855e+00 G1-1 16762 1
4.12190055e+01 -1.12500000e+01 5.60950395e+00 6.22840535e+01 9.01381302e+00 -2.11227107e+00 1.04572801e+00 G1-1 16762 1
4.18078484e+01 -1.12500000e+01 5.90392543e+00 6.17741006e+01 7.73160362e+00 -2.43069553e+00 1.09640653e+00 G1-1 9100 1
4.23966913e+01 -1.12500000e+01 6.19834692e+00 6.12641477e+01 7.73160362e+00 -2.43069553e+00 9.83145785e-01 G1-1 9100 1
4.29855343e+01 -1.12500000e+01 6.49276840e+00 6.07541947e+01 7.73160362e+00 -2.43069553e+00 1.19353089e+00 G1-1 9100 1
4.35743772e+01 -1.12500000e+01 6.78718989e+00 6.02442418e+01 7.15173578e+00 -2.29756284e+00 1.41942422e+00 G1-1 23223 1
4.41632201e+01 -1.12500000e+01 7.08161137e+00 5.97342889e+01 4.24783564e+00 -9.71166790e-01 1.07304173e+00 G1-1 17521 1
4.47520631e+01 -1.12500000e+01 7.37603286e+00 5.92243359e+01 4.24783564e+00 -9.71166790e-01 9.89828082e-01 G1-1 17521 1
4.53409060e+01 -1.12500000e+01 7.67045434e+00 5.87143830e+01 4.24783564e+00 -9.71166790e-01 1.22538676e+00 G1-1 17521 1
4.59297489e+01 -1.12500000e+01 7.96487583e+00 5.82044301e+01 8.64181614e+00 -2.83836174e+00 1.58296291e+00 G1-1 32981 1
4.65185919e+01 -1.12500000e+01 8.25929731e+00 5.76944772e+01 5.32191420e+00 -1.65236950e+00 1.51365463e+00 G1-1 23287 1
4.71074348e+01 -1.12500000e+01 8.55371880e+00 5.71845242e+01 6.27394772e+00 -1.97231209e+00 1.19036938e+00 G1-1 18635 1
4.76962777e+01 -1.12500000e+01 8.84814028e+00 5.66745713e+01 8.62884140e+00 -2.84748983e+00 1.04553724e+00 G1-1 28810 1
4.82851207e+01 -1.12500000e+01 9.14256177e+00 5.61646184e+01 8.62884140e+00 -2.84748983e+00 1.10211166e+00 G1-1 28810 1
4.88739636e+01 -1.12500000e+01 9.43698325e+00 5.56546654e+01 9.11234760e+00 -2.25626969e+00 1.42282407e+00 G1-1 24571 1
4.94628065e+01 -1.12500000e+01 9.73140474e+00 5.51447125e+01 8.59125710e+00 -2.89656687e+00 1.61737662e+00 G1-1 33571 1
5.00516495e+01 -1.12500000e+01 1.00258262e+01 5.46347596e+01 8.59125710e+00 -2.89656687e+00 1.21078607e+00 G1-1 33571 1
5.06404924e+01 -1.12500000e+01 1.03202477e+01 5.41248066e+01 8.59125710e+00 -2.89656687e+00 1.00477395e+00 G1-1 33571 1
5.12293353e+01 -1.12500000e+01 1.06146692e+01 5.36148537e+01 8.09255695e+00 -3.35355282e+00 9.96595388e-01 G1-1 22744 1
5.18181783e+01 -1.12500000e+01 1.09090907e+01 5.31049008e+01 8.09255695e+00 -3.35355282e+00 1.02407219e+00 G1-1 22744 1
5.24070212e+01 -1.12500000e+01 1.12035122e+01 5.25949479e+01 8.09255695e+00 -3.35355282e+00 1.34078982e+00 G1-1 22744 1
5.29958642e+01 -1.12500000e+01 1.14979336e+01 5.20849949e+01 7.51708984e+00 -3.12689042e+00 1.24233701e+00 G1-1 22663 1
5.35847071e+01 -1.12500000e+01 1.17923551e+01 5.15750420e+01 7.51708984e+00 -3.12689042e+00 9.84541638e-01 G1-1 22663 1
5.41735500e+01 -1.12500000e+01 1.20867766e+01 5.10650891e+01 7.51708984e+00 -3.12689042e+00 1.04341518e+00 G1-1 22663 1
5.47623930e+01 -1.12500000e+01 1.23811981e+01 5.05551361e+01 7.51708984e+00 -3.12689042e+00 1.37897797e+00 G1-1 22663 1
5.53512359e+01 -1.12500000e+01 1.26756196e+01 5.00451832e+01 8.33317089e+00 -3.35642195e+00 1.33397415e+00 G1-1 49501 1
5.59400788e+01 -1.12500000e+01 1.29700411e+01 4.95352303e+01 8.33317089e+00 -3.35642195e+00 1.01789094e+00 G1-1 49501 1
5.65289218e+01 -1.12500000e+01 1.32644626e+01 4.90252773e+01 8.33317089e+00 -3.35642195e+00 9.93070440e-01 G1-1 49501 1
5.71177647e+01 -1.12500000e+01 1.35588840e+01 4.85153244e+01 8.48595524e+00 -3.03457522e+00 9.52147445e-01 G1-1 23641 1
5.77066076e+01 -1.12500000e+01 1.38533055e+01 4.80053715e+01 8.48595524e+00 -3.03457522e+00 1.18053345e+00 G1-1 23641 1
5.82954506e+01 -1.12500000e+01 1.41477270e+01 4.74954185e+01 8.48595524e+00 -3.03457522e+00 1.60443315e+00 G1-1 23641 1
