# distance SDV3 SDV4
0.00000000e+00 6.42358685e+00 -8.38516426e+00
5.54401577e-01 7.10927296e+00 -6.89325809e+00
1.10880363e+00 7.63966799e+00 -5.68555737e+00
1.66321158e+00 8.01478481e+00 -4.76204872e+00
2.21761322e+00 8.23459816e+00 -4.12276173e+00
2.77201533e+00 8.29628468e+00 -3.80136275e+00
3.32641697e+00 8.21507835e+00 -3.56031847e+00
3.88081861e+00 8.29480362e+00 -3.39625454e+00
4.43522644e+00 8.41090870e+00 -3.23442817e+00
4.98962831e+00 8.52697945e+00 -3.02947211e+00
5.54402971e+00 8.62943077e+00 -2.87572813e+00
6.09843111e+00 8.72328663e+00 -2.73239875e+00
6.65283298e+00 8.77438927e+00 -2.63792014e+00
7.20724106e+00 8.77102661e+00 -2.66397715e+00
7.76164246e+00 8.75380898e+00 -2.71937895e+00
8.31604481e+00 8.73782539e+00 -2.67319655e+00
8.87044621e+00 8.69274426e+00 -2.62257481e+00
9.42484760e+00 8.69605541e+00 -2.62650776e+00
9.97925568e+00 8.70678711e+00 -2.60869718e+00
1.05336580e+01 8.71337891e+00 -2.58657217e+00
1.10880594e+01 8.71268463e+00 -2.57690811e+00
1.16424608e+01 8.70280457e+00 -2.58587050e+00
1.21968632e+01 8.69724751e+00 -2.59432626e+00
1.27512712e+01 8.70044613e+00 -2.57961941e+00
1.33056726e+01 8.70535564e+00 -2.56095934e+00
1.38600740e+01 8.71021748e+00 -2.54523301e+00
1.44144754e+01 8.71325016e+00 -2.53468251e+00
1.49688768e+01 8.71711636e+00 -2.53320622e+00
1.55232849e+01 8.72993565e+00 -2.53536248e+00
1.60776863e+01 8.73446846e+00 -2.53275371e+00
1.66320877e+01 8.73647976e+00 -2.52606750e+00
1.71864891e+01 8.73739433e+00 -2.52073693e+00
1.77408905e+01 8.73721313e+00 -2.51676178e+00
1.82952995e+01 8.73593616e+00 -2.51414227e+00
1.88497009e+01 8.73362160e+00 -2.51149869e+00
1.94041023e+01 8.72010231e+00 -2.50562215e+00
1.99585037e+01 8.73867512e+00 -2.50859475e+00
2.05129051e+01 8.75635624e+00 -2.50053430e+00
2.10673065e+01 8.75760651e+00 -2.50268221e+00
2.16217155e+01 8.75099087e+00 -2.50912380e+00
2.21761169e+01 8.74273586e+00 -2.51274562e+00
2.27305183e+01 8.73284054e+00 -2.51354742e+00
2.32849197e+01 8.72480774e+00 -2.51316524e+00
2.38393211e+01 8.73115063e+00 -2.51738477e+00
2.43937302e+01 8.73670578e+00 -2.51908803e+00
2.49481316e+01 8.74147415e+00 -2.51827478e+00
2.55025330e+01 8.74241257e+00 -2.51211405e+00
2.60569344e+01 8.74199581e+00 -2.50840497e+00
2.66113358e+01 8.74164963e+00 -2.50415683e+00
2.71657448e+01 8.74174786e+00 -2.49914074e+00
2.77201462e+01 8.74282742e+00 -2.50009203e+00
2.82745476e+01 8.74608231e+00 -2.50130653e+00
2.88289490e+01 8.74807358e+00 -2.50335789e+00
2.93833504e+01 8.74932384e+00 -2.50297141e+00
2.99377594e+01 8.74971962e+00 -2.50204730e+00
3.04921608e+01 8.74623585e+00 -2.49886751e+00
3.10465622e+01 8.74332047e+00 -2.49269080e+00
3.16009636e+01 8.74198532e+00 -2.48396015e+00
3.21553650e+01 8.73968220e+00 -2.47528219e+00
3.27097740e+01 8.73017406e+00 -2.47582150e+00
3.32641754e+01 8.74086952e+00 -2.49279547e+00
3.38185768e+01 8.74318027e+00 -2.49433136e+00
3.43729782e+01 8.74613762e+00 -2.49175310e+00
3.49273796e+01 8.74680328e+00 -2.49454284e+00
3.54817886e+01 8.74702072e+00 -2.49926472e+00
3.60361900e+01 8.74732399e+00 -2.50241566e+00
3.65905914e+01 8.74771309e+00 -2.50399590e+00
3.71449928e+01 8.74905872e+00 -2.50266647e+00
3.76993942e+01 8.75212193e+00 -2.49729848e+00
3.82538033e+01 8.73549938e+00 -2.51117969e+00
3.88082047e+01 8.72503567e+00 -2.52530384e+00
3.93626060e+01 8.72300625e+00 -2.53817344e+00
3.99170074e+01 8.73868179e+00 -2.53586793e+00
4.04714088e+01 8.75268269e+00 -2.52674961e+00
4.10258141e+01 8.75929642e+00 -2.51608181e+00
4.15802193e+01 8.73266697e+00 -2.49500179e+00
4.21346207e+01 8.71112156e+00 -2.48684072e+00
4.26890221e+01 8.72571850e+00 -2.49997091e+00
4.32434273e+01 8.73285484e+00 -2.51151085e+00
4.37978287e+01 8.72403812e+00 -2.51754045e+00
4.43522339e+01 8.71506023e+00 -2.55160642e+00
4.49066353e+01 8.68944073e+00 -2.60186362e+00
4.54610367e+01 8.67661953e+00 -2.63661337e+00
4.60154419e+01 8.69328403e+00 -2.61842585e+00
4.65698433e+01 8.70846939e+00 -2.59384203e+00
4.71242447e+01 8.68447495e+00 -2.60088873e+00
4.76786499e+01 8.69133854e+00 -2.57715178e+00
4.82330513e+01 8.71821308e+00 -2.54668570e+00
4.87874565e+01 8.70624542e+00 -2.57604909e+00
4.93418579e+01 8.61228371e+00 -2.77257299e+00
4.98962593e+01 8.55922699e+00 -2.88780928e+00
5.04506645e+01 8.56357670e+00 -2.87287831e+00
5.10050659e+01 8.52309799e+00 -2.93989158e+00
5.15594711e+01 8.43266106e+00 -3.11355162e+00
5.21138725e+01 8.29226780e+00 -3.39385605e+00
5.26682739e+01 8.24299526e+00 -3.94873452e+00
5.32226791e+01 7.93381262e+00 -4.80745029e+00
5.37770805e+01 7.81523323e+00 -5.27821302e+00
5.43314857e+01 7.53055000e+00 -6.16689968e+00
5.48858871e+01 6.99699306e+00 -7.65813017e+00
